64 63 
148 147 42 
197 149 130 131 140 
142 189 
44 188 
106 98 99 100 102 
103 105 101 104 51 
53 54 52 86 87 
151 6 136 5 7 
66 47 48 49 50 
58 59 134 4 132 
133 150 162 18 24 
144 88 185 184 43 
137 83 84 82 81 
156 182 16 21 22 
45 71 76 85 175 
41 14 15 17 23 
40 19 20 25 27 
39 26 28 29 30 
38 32 33 34 35 
31 36 37 164 165 
183 163 56 57 152 
181 153 179 180 154 
172 158 159 160 161 
171 166 167 169 170 
168 157 62 61 10 
173 199 200 46 77 
70 68 69 60 177 
13 12 79 78 2 
176 143 11 
178 55 67 
141 187 145 
96 92 95 97 3 
65 198 9 138 
108 74 
192 190 191 135 
186 201 202 203 204 
205 72 94 
129 139 93 
146 89 
8 127 
73 90 
194 80 125 126 155 
124 115 117 118 119 
123 120 121 122 195 
116 107 109 110 111 
114 112 113 196 174 
75 91 
193 128 
